GOT row 0: -1 -5 -16 15 -3 0 10 -1
REF row 0: -1 -5 -16 15 -3 0 10 -1
GOT row 1: 0 -6 9 3 -3 12 -15 0
REF row 1: 0 -6 9 3 -3 12 -15 0
GOT row 2: 1 11 7 -18 6 -12 5 1
REF row 2: 1 11 7 -18 6 -12 5 1
GOT row 3: 11 1 5 -12 6 -18 7 11
REF row 3: 11 1 5 -12 6 -18 7 11
GOT row 4: -6 0 -15 12 -3 3 9 -6
REF row 4: -6 0 -15 12 -3 3 9 -6
GOT row 5: -5 -1 10 0 -3 15 -16 -5
REF row 5: -5 -1 10 0 -3 15 -16 -5
GOT row 6: 5 -11 8 6 -3 9 -14 5
REF row 6: 5 -11 8 6 -3 9 -14 5
GOT row 7: 6 6 6 -15 6 -15 6 6
REF row 7: 6 6 6 -15 6 -15 6 6
GOT row 8: -11 5 -14 9 -3 6 8 -11
REF row 8: -11 5 -14 9 -3 6 8 -11
GOT row 9: -1 -5 -16 15 -3 0 10 -1
REF row 9: -1 -5 -16 15 -3 0 10 -1
GOT row 10: 0 -6 9 3 -3 12 -15 0
REF row 10: 0 -6 9 3 -3 12 -15 0
GOT row 11: 1 11 7 -18 6 -12 5 1
REF row 11: 1 11 7 -18 6 -12 5 1
GOT row 12: 11 1 5 -12 6 -18 7 11
REF row 12: 11 1 5 -12 6 -18 7 11
GOT row 13: -6 0 -15 12 -3 3 9 -6
REF row 13: -6 0 -15 12 -3 3 9 -6
GOT row 14: -5 -1 10 0 -3 15 -16 -5
REF row 14: -5 -1 10 0 -3 15 -16 -5
GOT row 15: 5 -11 8 6 -3 9 -14 5
REF row 15: 5 -11 8 6 -3 9 -14 5
PASS
